76.0 -0.0073166005 -0.02531174 -0.0079450365 0.015967555 -0.024406318 -0.017012099 0.014562663 0.0007264515 -0.015730616 0.0077796746 0.03633274 0.00680679 0.031546455 -0.038675886 -0.0026067144 
0.0 0.0072246155 0.006719213 0.012992379 0.01178037735 -0.009321960499999999 0.033873466000000005 0.037015412 0.008583109999999998 -0.027556922999999997 -0.045532065 0.02202833135 0.009579834999999998 -0.0011948205000000007 -0.01143422675 -0.041962803 
4.0 -0.0075784569 -0.0138404554 0.0111020206 0.005071024150000001 0.005095264000000002 0.0178409725 0.046673283499999996 -0.02614858775 -0.0186260455 -0.025593548 0.05635444 -0.017253825 0.008399713 0.007918894499999999 -0.0382774545 
1.0 -0.005855421 0.01179886915 0.012932782 0.00247371265 0.0144460995 0.014381215000000001 0.02994091825 -0.021734972 -0.026720787000000003 0.0065776509999999995 0.0375600315 0.014464123300000001 -0.0021720820000000005 -0.0209281272 -0.030446913 
17.0 0.00653204425 0.007003404259999999 0.0173638435 -0.030820927499999998 0.014511115000000002 0.027709382499999997 0.011241858999999998 -0.019253361999999996 -0.011200239 0.0002951849999999999 0.024896854 0.0027218847 -0.01547218425 -0.015278073 -0.0359291315 
14.0 -0.0055987549 -0.0096454571475 -0.003426478 0.022208667 -0.0008782374999999985 0.0407197285 -0.0023285479999999997 -0.012015986 -0.021938930500000002 0.004256753 0.012760517 -0.0199931975 0.0050649876 -0.0256147085 -0.036100761 
70.0 -0.0183211498 0.0127668155 0.0196520565 0.0185858385 0.013505608999999998 0.033164952 0.0046898245 -0.01294122185 -0.013877118 -0.0073280115 0.0050007725 -0.0039404195 -0.01172838295 -0.006860408 -0.003990019000000001 
21.0 -0.00972663945 -0.019701292500000002 0.007049740299999999 0.027189762 -0.0034835823 0.002956450000000001 0.0029764267500000004 0.009037987 -0.043079334 0.010698979050000001 -0.00030413200000000036 -0.00276635885 0.020447612 -0.002471786 -0.010137601999999999 
64.0 -0.007279912949999999 0.009382457 0.020964158 -0.017297944000000003 -0.025756089 0.0120028206 0.029387489000000003 0.020750225735 -0.0325956865 -0.005566460800000001 0.024371227999999998 -0.0093972395 -0.007568902 -0.0117737465 -0.0120971505 
11.0 0.0243362945 0.013639558699999998 0.0336714485 -0.01735522035 0.0080704015 -0.0147412155 -0.005349263999999999 0.0301038225 -0.012898393999999999 -0.020866827 0.00068362205 -0.0279731225 0.032323137 -0.019892856 -0.00944023605 
8.0 -0.0139294591 -0.0188440785 -0.0063540435 -0.008674868 0.007855365999999999 0.0005167740000000002 0.016904151 -0.0245316635 -0.013628563 -0.007921636000000001 0.046868669 -0.0004932284999999981 0.030740086 -0.0180000375 -0.019549649 
67.0 0.024228688499999998 0.00033874679999999985 0.0013961644999999998 -0.014069865 0.0070455875 0.0189558025 0.009118908999999998 0.010924838499999999 -0.013470074999999998 0.006133247499999999 -0.023201083 -0.018891658999999998 0.01077800425 -0.004375030999999998 -0.015813066715 
91.0 -0.009358921999999999 -0.0255740405 0.0035474732000000003 -0.026350431 -0.00487636025 -0.0009511885000000001 0.01296590715 -0.0098372446 -0.00536469625 0.013450097000000001 0.029509131 -0.0024272284999999998 -0.0241965045 -0.01723538313 -0.017602352 
63.0 0.01171344 -0.0004188710000000012 0.00317713265 -0.0174425315 0.017430398 -0.008731319500000001 -0.004344483999999999 -0.015274993650000002 -0.0284603575 -0.0027288402000000002 -0.010541108200000001 0.0017772906499999995 0.008602921465 0.0011317479999999997 0.004312975 
85.0 0.004376616500000001 0.0140091925 0.029262371500000002 -0.030455417999999998 0.0079390055 0.033626709500000004 0.00579821675 0.012679666 -0.0098416544915 -0.0043575762 0.013607367999999998 -0.022019365 0.004036604000000001 -0.029588053 0.00815925775 
92.0 0.01208309875 -0.0170026465 0.0003926140000000012 -0.000270961625 -0.004240857000000001 0.026278313 0.0289675015 0.0111659437 -0.0083479861 -0.006095744500000002 0.0323703895 -0.021965289699999998 0.0112451932 -0.027767497 -0.006542440000000001 
33.0 0.0010085049999999998 0.0087555783 -0.010074456999999998 -0.0201293465 0.00150044965 0.0032386110000000006 0.0388767935 0.0028244455000000007 -0.020358024 0.0017709749999999993 0.0103005928 -0.015618536999999998 0.0039570453 -0.023826016999999998 -0.011180966 
9.0 0.0017944759999999997 0.003018214499999999 -0.0066453085 -0.0166076725 0.010667630899999999 -9.677649999999954e-05 0.0121366107 0.009627668800000001 -0.0046609054 -0.010588018999999999 -0.01656699825 -0.0039642655 0.0013592320000000001 -0.009453160500000002 -0.007378766 
31.0 0.00845457265 -0.008529172000000002 0.013128945999999999 -0.015759071700000002 0.008983365 0.0337355035 0.0268668955 -0.0063688728 -0.030899655999999998 -0.011333521999999999 0.0263863227 0.005435000000000001 0.002879699000000001 -0.0127164625 2.625399999999986e-05 
96.0 -7.173050000000049e-05 -0.0063066765 0.0203302845 0.010177991 0.0197378 0.00479581101 0.024886362000000002 -0.0014133599000000002 0.0032804655000000012 -0.0241494795 0.02260217065 -0.026283216499999998 0.025742110500000002 -0.004611011200000001 -0.02674287385 
20.0 -0.01937157 -0.0172628025 0.0217539137 -0.0075969404 -0.005171528999999999 8.866314999999994e-05 0.026885758 -0.021233237500000002 0.015563547 -0.00267820935 0.0235872518 -0.01247850485 -0.016387155 -0.003540673499999999 -0.036022118 
16.0 -0.001306751385 0.0005897350000000001 0.006684893000000001 -0.025467653 -0.0027299030000000005 0.009153447000000002 -0.0047326264 -0.0052186175000000015 0.0075084476625 -0.004716003 -0.002058181835 0.0128336415 -0.0039898814999999995 -0.0241336475 -0.022782595500000002 
29.0 -0.018790653 -0.0057206025 0.0170666017 0.007108543425 -0.016389553 0.0190431195 0.0107273745 -0.005165204500000001 0.01338842015 -0.014990910500000001 0.028733964799999998 0.019556803 0.0267974845 -0.004802674 -0.034434498 
97.0 -0.028086844 0.01155724575 0.016796276500000002 -0.010989268 0.0168244475 0.0293547875 0.02805498 -0.0017409275000000004 -0.0315295655 -0.0197945489 -0.0140569161 0.0019600259999999984 0.022335422 -0.0110828282 -0.0136334815 
94.0 -0.011278927599999999 -0.00413946565 0.006171072999999999 0.0165872505 -0.0146272805 0.0040583575 0.013851498 0.0086675868 -0.009470591 -0.0025759330000000007 -0.0224144365 0.005447135499999999 -0.010644978650000001 0.00599003245 0.00858083825 
73.0 0.0038433974000000003 -0.0064469735 0.014115936999999999 -0.0132800202 0.014269115500000002 0.004449473000000001 0.035287623000000004 0.01695081 -0.0029545217999999997 -0.007939511500000001 -0.013256362225 -0.0037578164999999995 -0.0016973165000000005 0.0044126389 0.0027203225000000004 
74.0 0.00422806235 0.0016653225 -0.005712652685 -0.0141624427 0.0038770383499999997 0.0246721135 -0.0032014870000000003 -0.01061585835 -0.026021302000000003 -0.017501327 0.006847088000000001 0.0145523285 0.016285732700000003 0.016846622 -0.02103331335 
22.0 -0.014779318550000002 -0.004098022999999999 0.00783098615 -0.016929959 0.0073501058 0.013829539249999998 -0.0101139235 -0.009566761500000001 -0.034815312 0.0003523017499999998 0.041836885000000004 0.0189832915 0.007730960615 -0.00017427299999999996 -0.010364862385 
6.0 -0.024466042 -0.016505343 -0.00582236065 -0.016893071 -0.013814873850000001 0.006404878500000001 0.016332127699999997 -0.00385654265 -0.0306924835 0.0080489494 0.0125856224 -0.0004105069999999996 0.001805524499999999 -0.01383755035 -0.011905878999999998 
30.0 0.0112688995 0.008989123500000001 -0.005378357 -0.01052026185 0.034981891 0.016295195 0.0007075500000000012 0.024504669 -0.023840825000000003 -0.0096012225 -0.01580109 -0.008271565 -0.0226204835 -0.0005239119999999996 -0.0031692895000000002 
45.0 -0.01356168465 -8.745500000000017e-05 0.004687397499999999 0.0119600112 -0.009045211000000001 0.00765161215 0.026361881 0.01936502 -0.0097145535 -0.01495440225 0.014008789 -0.014095038249999999 -0.0115161108 -0.017131855 -0.0241955325 
108.0 -0.0044896577 -0.003197033 -0.00402058165 0.00822739775 -0.027197714999999997 -0.019077904 0.022644379 -0.0021560777 -0.01990297 0.003930825000000001 -0.0081240759 0.01019744375 0.0012277514999999989 -0.033982777 -0.009004640000000001 
89.0 0.0016420259999999996 0.0207110335 -0.0050670625 -0.002606695 0.017743997499999997 0.0280881455 -0.021903825000000002 0.0011097950000000002 -0.0198490735 -0.01388993815 0.008088270500000001 -0.01083650695 -0.00288917 0.014252649 -0.006943278000000001 
3.0 -0.0131235585 0.018459652 -0.013247996 -0.0012774170000000003 0.0076492826000000005 0.0140332889 0.006799226500000001 -0.01056051725 -0.027836135 0.00304576715 0.0154438103 0.015066774299999999 0.004687308 0.0050219834999999996 0.0225588055 
107.0 0.004811972475 -0.015788419 0.005692991999999999 0.009055947 0.0081163065 -0.0038012847 -0.014491440505000001 -0.0179411335 -0.022549809 -0.00974048785 0.0206429383 -0.0137799235 -0.0168229645 -0.0086517765 0.004320249000000002 
10.0 -0.0031760950000000003 0.00833529625 0.011441849 0.003842934499999999 0.018096765 0.00984448525 0.0246498375 -0.008459107 -0.000779968658 -0.030930163 0.00528134685 -0.00222203335 -0.0052611965999999994 -0.0026940353999999997 -0.031241790499999998 
15.0 -0.024284735000000002 -0.0170309205 -0.009663800259999999 0.0012180159999999988 0.026367221 0.00288659263 0.0131859625 0.004808842999999999 -0.00761555468 -0.0316749965 0.0103616845 -0.0265458505 -0.02755035 -0.005205643499999999 0.0014219491 
109.0 -0.00549809735 -0.005663483999999999 -0.006824879999999999 -0.024765985 0.014480543 -0.005004998500000001 0.013458389 -0.0149040415 -0.0070378595 0.0016042798299999998 0.011649818809999999 -0.0075337085 0.011675205800000001 0.01469552225 -0.0032341490000000004 
23.0 -0.01768173915 -0.013744948199999999 0.03253338 0.028828618 -0.0181931425 0.00559960475 -0.0046275097 0.011227460500000001 -0.009247670999999999 0.014783254999999999 0.00909057955 0.01554693 -0.027743063999999998 -0.007788542499999999 0.0024169720000000016 
50.0 0.00744788075 0.027910051999999998 -0.0113982727 -0.0023991045000000006 0.0101762285 0.010235333249999999 0.008597904 -0.0032272340000000007 0.002054124499999999 -0.005461601500000001 0.0080710747 -0.028394258999999998 0.030531429 0.020421611 -0.0042590145 
26.0 0.013957843000000001 -0.0155060392 0.0105519835 -0.0113137806 0.011696362 0.0073127420000000005 0.005584127499999999 -0.0008855679 -0.0240768855 -0.008672079999999999 -0.00918954625 -0.009277858285 0.0008042660000000014 -0.00010665450000000003 -0.003378157999999999 
66.0 0.008715598500000001 -0.0034421754999999984 0.017468716500000002 -0.012320063 -0.01199238995 0.006379100999999999 0.014864781550000001 -0.005026875 0.004890600199999999 0.0015540880000000003 0.043457005 -0.00883791125 0.003484903000000001 -0.022746923500000002 -0.0077189484999999995 
24.0 0.026709295 0.011145760499999999 0.016044869200000002 -0.01633598565 -0.011036078 0.023024475849999997 0.0074207000000000006 0.017730160000000002 0.006990778500000001 -0.027262352000000004 -0.0098550678 -0.0172589165 0.00018218299999999982 -0.0009952600000000004 -0.011825737500000003 
80.0 0.00026303050000000064 -0.011596826164999999 -0.009239355000000001 -0.00575399985 0.010239757499999998 0.010661947500000001 0.0029816784999999995 -0.0127394695 0.0009521260000000002 0.0165601285 -0.00042426185000000007 0.0007825139999999998 0.029757963499999998 -0.01052421566 -0.003008785 
43.0 -0.0108844235 -5.475899999999971e-05 0.014774031 0.0023556659999999993 0.026048694 0.0040473058 0.0297194385 -0.021567555 -0.013824109000000001 -0.0134620885 0.0156097832 -0.0029545225749999997 0.019220891 -0.00365044135 -0.038866561 
47.0 0.0071887463500000005 0.015903996 0.0191666095 -0.01817483482 -0.015205422 0.027075664500000002 0.007011821499999999 0.0174781109 -0.009838579500000002 -0.0040019554999999995 0.01508612 -0.00750051025 -0.00956545195 -0.0342914125 -0.021721639062 
100.0 0.0003649640000000006 -0.017471378500000002 0.00048153749999999863 -0.0067543410000000005 0.0185788705 0.0050670590000000005 -0.00831298505 0.0034190650000000006 -0.007266955250000001 -0.0080967699 0.029015366 -0.01028771455 0.002113012499999999 -0.006993695500000001 -0.003559208500000001 
69.0 -0.0150186275 0.0073462439 0.019338611 0.010313177270000001 0.016792667900000002 0.010912111000000002 0.025131875499999998 -0.0010342420000000012 0.0003551505 -0.010215667000000001 0.019203749 -0.005157949499999998 0.010026938 0.014701613999999998 -0.0237121255 
93.0 0.0052193255 -0.0001695629999999993 0.0198860255 0.005654332 -0.017547721 0.0116082845 0.009865427500000001 -0.00651478323 -0.00801293925 0.000194217 -0.0180460895 -0.0106485716 0.0185987195 -0.0006250300000000004 -0.0358491725 
57.0 0.011968684050000001 0.00692073805 -0.0014498075000000006 0.0059045345 0.0015636094999999994 0.0051925815000000005 -0.009988166750000001 -0.0136416238 -0.0289164685 -0.0226035235 -0.014430836249999999 -0.016214791699999998 -0.01283851165 0.0167986265 0.0071859344999999995 
51.0 -0.003445821 0.0109279795 0.00860243725 -0.005113810500000001 0.016170330849999998 -0.0017345775 0.011940785700000001 0.0130456717 0.0037507849999999995 -0.0266349575 0.012004404049999999 -0.0167220185 0.024509074999999998 2.6995000000000144e-05 -0.0016908930000000002 
90.0 -0.0074999260000000005 0.0161022088 0.00669075229 -0.015250902 -0.0016972689999999995 -0.0105222913 0.0004138493000000001 -0.00601468014 -0.0134774735 -0.0216475025 0.012470044999999999 -0.006976493299999999 -0.017603617000000002 -0.009588926 0.0012873240000000003 
68.0 -0.017357104 0.0006568049999999999 0.016729018999999998 -0.01247376 0.0054158929 -0.0105178975 -0.0167500033 -0.00850925775 -0.038509305 -0.007025233999999999 0.016566597 0.0019859674999999997 0.025716181 0.0031679334999999997 -0.0006953511999999999 
34.0 -0.023828327 -0.0093769917 0.0036296074999999997 0.0155532302 0.0073495747 -0.0017757974999999988 0.0080625075 -0.005022946699999999 -0.0051086974999999995 -0.006222870699999999 0.00561762185 -0.014024452000000001 0.02622491 -0.0017078914999999993 -0.0262840105 
13.0 -0.0014376284999999996 0.013891530999999999 0.009991140499999999 -0.006891232999999999 0.0172183925 -0.005480025500000001 0.0180625015 0.00225393605 -0.0140355624 -0.006659681000000001 0.0113773565 0.029797293500000002 0.007667284 -0.00388180125 -0.005638889999999999 
40.0 0.00387579555 0.0006432010000000012 0.029509347 0.008700219500000002 0.033835303 0.0345254275 0.0237178685 -0.005253005 -0.0037717907499999997 -0.02022955635 0.027263476000000002 -0.007057626499999999 0.0084681715 -0.0225112245 0.0034268595000000006 
39.0 0.0037405035000000007 0.024875103000000003 -0.00413293105 -0.0113744021 0.01593145185 -0.006389906999999999 -0.010735219 0.0108329475 0.0017424390000000001 -0.0033357459999999997 0.006284518 0.00597571155 -0.00017340399999999853 -0.0278773475 0.0081907175 
49.0 -0.0044492943 -0.022692883 0.013573243000000002 -0.012870877000000001 0.0007163005000000002 0.0164720955 -0.011404194 0.012389888850000001 0.0100086355 -0.005493626999999999 0.026292236 -0.0100093405 -0.01037537695 0.0117812604 0.012794597000000001 
18.0 0.009338514499999999 0.00828261115 0.01375146635 -0.0099681915 0.0233257465 -0.0033052565 0.0351907155 -0.0081090355 0.008471997200000001 -0.01066435205 0.0290437012 -0.0071430578 -0.0005103767499999999 -0.013856664000000001 -0.019959512 
7.0 0.008520288 -0.0079707945 -0.015503878 -0.0002686535000000004 0.00690126075 0.0173947305 -0.015145998 0.00614807575 -0.0014733610000000012 0.013297487200000001 0.02190282 0.003969304 -0.0005598287999999999 -0.00431403 -0.004094059999999999 
103.0 -0.0037479869999999995 -0.0070026935 -0.0006958390000000002 0.005544067000000001 -0.0143077325 -0.013169514450000001 0.035912202 -0.008125276 0.0248405135 -0.023181261 0.01737798 -0.017111244499999997 -0.0074048081 -0.0197755815 -0.01452288875 
42.0 0.008775174 0.0116643045 0.006390007 -0.0198149595 0.00446888965 0.0298933625 0.017655692 0.001444998999999999 -0.0158650995 0.007817403 0.01679550385 -0.015773078 -0.0149203885 0.018122310000000003 -0.0146549185 
52.0 0.023066149 0.022083382749999998 0.002680154475 -0.0007633010000000001 0.008366129 0.005338745200000001 0.0083828175 0.0011236401 0.004075577 -0.022396052 0.0012508439999999992 -0.0191896367 -0.008139217 0.0012625909999999987 -0.0233981085 
56.0 0.0142332235 0.0032891325 -0.0169029075 0.00493910865 0.0036939355000000004 -0.0099211205 0.025088755499999997 -0.01515407 -0.022095003000000002 -0.00529229275 0.025211521 0.010262377999999999 -0.0124028858 -0.00504062575 -0.003116428499999997 
72.0 -0.01009803885 -0.014293537500000002 0.0261414185 -0.0025369095 0.0011174195000000003 0.019986821499999998 0.015578401500000002 0.0022903759999999993 -0.017071113 -0.0050487637 4.12749999999934e-06 -0.016053732 -0.004625830999999999 -0.01100080015 -0.02122934 
104.0 0.008170412000000002 0.003997974499999999 0.027428716 -0.0108253395 0.004322825000000001 -0.007249309000000001 0.00905156405 -0.011344021499999999 -0.019262082 -0.0038475365 -0.0129681335 -0.007394630500000001 -0.010320158250000001 -0.0050791429999999995 0.0009658679999999999 
44.0 -0.002136945999999999 -0.021959621500000002 -0.00717769415 0.00493079875 0.0063611952 0.0017691464999999998 -0.015641068 0.01207927075 -0.016742534 0.0123619109 -0.00158609 -0.014800217749999999 0.025060204000000003 0.0040622495 -0.018444006000000002 
98.0 -0.006200829999999999 -0.021110708 0.027547791500000002 -0.027874071 0.019327895499999997 0.00483955755 0.013857532700000001 0.0157467455 0.0183926865 -0.004243274000000002 0.0128060165 0.021175153500000002 -0.007643463455 0.0009513002 0.010671685 
35.0 -0.026712544 0.00067438065 0.0154425475 0.0004193270000000006 0.010882826499999998 0.0027372300000000002 0.027941956 0.0116210409 -0.008000262000000001 0.0066401297000000005 0.0036399074999999993 -0.0112106415 0.023632901999999997 -0.0023366835 -0.006818352 
38.0 -0.009831897 -0.02469475 0.0041632445000000014 0.0017747155000000002 0.0041010387 -0.0041945925 -0.005370561 0.008047099500000002 -0.020155732000000003 -0.0124928515 0.0021759485 -0.00384047615 0.023029641500000003 -0.0015576625000000002 -0.0006835347500000002 
48.0 -0.0113824265 -0.001578996000000001 0.012742199499999999 -0.013781652000000002 0.0123800067 0.029480768 -0.007797904499999999 -0.02481596345 -0.01627195685 0.01476195637 0.0231749315 -0.026013929999999998 0.01335281625 -0.011516201000000002 -0.02432280345 
46.0 -0.024805861499999998 0.0009516165000000004 -0.0110293565 0.0105635905 -0.013807845 -0.011671844 0.027734683000000003 0.01640368985 0.011534646499999999 -0.0129694695 0.0120092105 -0.009016112 -0.0052919460000000005 0.00037169300000000106 -0.0020111490000000003 
5.0 0.005607989000000001 0.013215418500000001 0.028527152 -0.032265153 0.031542591 -0.021439061500000002 0.026869715000000002 -0.0104000719 0.00508970165 -0.009358232000000001 0.032153421 0.005957108000000001 -0.025715705 0.0053439245 -0.0086667005 
41.0 -0.0103757125 -0.005214947499999999 -0.003949555 -0.0012743662500000002 -0.01352653025 0.01169479885 0.00261446275 0.0041112383 0.008431557000000001 0.0007378209999999996 -0.01031987725 0.01040573285 -0.0025414489999999994 -0.01537812335 -0.0083500965 
81.0 -0.0033555550000000005 0.014347187 0.0209495315 -0.0013473725500000003 0.024541978 -0.0012271664999999998 0.0018797675000000007 0.005187665 0.00980609 0.01010246885 -0.0048696495999999995 -0.0073461445650000005 0.0031149019999999993 0.0051263344999999995 -0.0082533435 
36.0 0.0180751295 -0.0182936275 0.011080229 -0.011927822250000001 0.0284706095 0.0261962955 0.005769384999999999 -0.0038238765 0.00882790675 -0.0096410865 0.0145184605 0.0011714619999999999 -0.010123009499999999 0.02299718 -0.004442494499999999 
2.0 0.02055448 0.020450994 0.0058313355 0.007714605 -0.01656520025 -0.024428114 0.007499487799999999 0.003398998625 -0.005123800499999999 -0.02161481 -0.0034034655000000002 0.014031046 -0.01162681325 -0.012124307769999999 0.005240359000000001 
75.0 -0.004926600999999999 -0.01564141425 0.026410884 0.020280683 0.012642303 0.013465290500000001 -0.0102097025 -0.015069739200000001 0.018329051 0.009473081500000001 -0.013208245 0.0191131225 7.202149999999997e-05 -0.030148915000000002 0.000496917999999999 
28.0 0.016141775900000002 -0.0075543335 0.0028059975000000008 8.004999999999991e-05 0.01151986025 -0.0057319517 0.034322219 -0.0017191255 -0.01919411725 0.017527216999999998 0.024981892999999998 -0.0167682065 0.0067014515 -0.015273516499999999 0.006095182 
60.0 -0.0120254995 -0.024965234 -0.0107435534 -0.0181886225 0.02771152 0.004835422999999999 0.027968484000000002 -0.010497668500000001 0.000747247500000001 -0.0147501005 0.021064853 0.012153032900000001 0.01003328685 -0.01510796565 -0.008868852 
27.0 0.004146591999999999 0.013109244499999999 -0.0199178215 -0.0258032875 0.0075953365 -0.025212237499999998 -0.0018768883000000003 0.0034542527499999993 -0.020944725999999997 0.007486405000000001 0.017107392 -0.009789789 0.025592002500000002 0.006846259 0.0029356820000000002 
71.0 0.005954111000000001 -0.0027481815000000003 0.019901124 0.0009513050000000012 0.0048302895 0.0203726375 0.024444025 -0.0025510455 -0.036023107 -0.010979606000000001 0.036145067 -5.187635000000008e-05 0.009236599500000001 -0.031695220499999996 -0.042165285000000004 
32.0 -0.006061413999999999 0.003847836465 -0.00016603999999999924 -0.008218572 -0.002289421 0.01166498725 -0.0030298275000000003 -0.0012395900000000005 -0.0202053525 0.0252020955 0.0301918165 -0.021890599 0.028488934 -0.0280701115 0.021676163499999998 
65.0 0.011589318749999999 -0.0012220135000000003 0.004835444499999999 0.024125742 0.0016612289999999993 0.0141650218 0.0166050065 -0.0029757865499999998 -0.012385456999999999 -0.0102730375 0.0181781594 0.0064599188 0.023824170999999998 -0.012622958 0.0097971185 
37.0 -0.01544735385 0.023325181 0.018263916499999998 -0.005709037499999999 0.0150682428 0.013589835500000001 -0.00042696049999999854 -0.009465335 0.00776366345 -0.0087799395 0.010937967750000001 -0.0054106399999999995 0.0033878974 -0.038040785 -0.03297324 
105.0 0.0032119214999999993 0.023624333 0.0034826914 -0.0086090705 -0.0011275 -0.008264455850000001 0.010303209 -0.0086990743 -0.0120372074 0.018909577 0.01510098115 -0.0213685545 0.00673657135 -0.021657805000000002 0.011524021150000001 
19.0 0.008182166500000001 -0.006289416000000001 -0.0050547675 0.0030705850000000007 0.0176687548 0.0030978654750000003 -0.0005072519999999997 0.003705779 0.0048399845 -0.032568141 -0.0060644535 0.0005490755000000002 0.0090826517 0.0167314185 -0.020784189 
83.0 0.00401908255 -0.001789915500000001 0.009428398000000001 -0.0054703348499999995 -0.00840715315 0.0111008745 -0.0036669756999999996 -0.009355995150000001 0.015567841499999999 -0.013150212 0.013870088000000001 0.009351545307499999 0.0145724195 -0.014379436800000001 -0.0121896115 
101.0 -0.0015253395000000003 0.0233342125 0.00260979155 -0.009620906 0.021340672999999998 0.0128862505 0.013801913999999998 -0.0004983374999999977 -0.00736486485 0.0128418855 -0.0034274604000000004 -0.0116819575 0.0110348215 -0.01318031525 0.0047079854 
25.0 -0.0037676539999999988 -0.0012540702999999996 0.01928353 0.0010191616499999998 -0.0115911249 0.026449942 0.010343992 -0.0020683590000000005 -0.017178132500000002 0.0006240957499999999 0.006802491000000001 -0.0006412899999999992 -0.005922152 -0.028246115 0.018276853500000002 
53.0 0.010916498 -0.0203488545 0.023448757 -0.0069553891500000005 0.005179285499999999 -0.015989139 -0.006604555000000001 -0.019671132 0.0219836875 0.006312215999999999 0.014699652700000001 0.0008120179999999994 0.027053867500000002 0.0038571256999999997 -0.026381518 
102.0 0.0146864035 0.005695298 -0.00505107435 -0.017005477999999997 -0.0176707245 0.020440369 0.021828171 -0.0144205661 0.009427208599999999 0.0009971879999999995 0.008947167249999999 -0.00010356300000000009 0.00581834705 -0.005337149500000001 0.0013053874999999996 
77.0 -0.00232912355 0.029507272 -0.0243002475 0.01077953405 0.008762066800000001 0.0014101429999999991 0.032597613 -0.0299932645 -0.0028480288 -0.016898344500000002 0.008572392 0.008096024 -0.00024365249999999845 -0.022049807 -0.0321608355 
58.0 -0.0137481942 -0.0013385050000000003 0.006263069500000001 0.020479267 -0.0152984755 0.010853626000000002 0.00295214 -0.00741511715 -0.00881094935 0.0008572385000000004 0.011381023 -0.0030155305000000004 -0.005185536249999999 -0.004968819 -0.0129758975 
87.0 0.0082253035 0.0065530997 0.01426909585 -0.00402890985 0.0241817385 0.0004200030000000004 0.014849632500000001 0.015031574249999999 0.01453874885 0.004616855 0.027346963000000002 -0.0185405875 -0.0025673268 -0.0031526276999999997 0.016948338299999997 
62.0 0.01584015875 0.0100546695 0.028511339 -0.02000279003 -0.00019990580000000006 0.0058634655 0.035883831000000005 -0.036388448500000004 0.006552084 -0.0081437486 0.039141705 -0.0177088435 -0.009145265 0.0056012512999999995 -0.035701216 
84.0 -0.00033470400000000164 0.0120873 0.021233925 0.01036711 -0.004068343500000002 0.007780744000000001 0.0106562555 -0.0016962944999999998 -0.005216079 -0.01666001 0.031629785 -0.007427454500000001 0.0218299435 0.0060185708 -0.030202254999999997 
12.0 0.0053380829999999995 -0.0137495125 0.0057557655 0.0031495939999999986 0.02092148465 0.023625727 0.005848494999999999 0.0023932415000000005 0.0075146305 -0.0008401929999999995 0.00492574 0.0109561035 0.0012932365000000012 -0.0013719315000000013 -0.027625206 
78.0 -0.00509157265 -0.005220781000000001 0.0031080348500000005 0.021005331500000002 -0.020309419 0.005855920000000001 -0.0109316772 -0.0225404323 -0.022391071 -0.0217835395 -0.00906645765 0.0145197454 -0.00770623525 -0.009551386 0.01053290475 
82.0 0.0012609070000000003 -0.026048471 0.015311110999999999 0.024243432 0.0246246875 0.00014348244999999983 -0.01097068945 0.0068868975 0.00302458125 0.0051417369 0.018610714 -0.013566435699999999 -0.006849753300000001 0.005487233 -0.020644807 
106.0 0.020398180000000002 -0.00611691415 0.01496618915 0.0044832959999999995 0.00344972275 -0.000233357 0.0205421295 -0.0230090625 -0.021614626 0.0079755255 0.0282658865 -0.0163581595 0.011755090999999999 0.013486363000000001 -0.026691823500000003 
95.0 -0.01438778335 0.0150916486 0.022756387500000003 -0.0152945823 -0.0030124495 -0.0156315725 0.0036466184999999988 0.0008259027000000001 0.0064301604 -0.010939732 0.020413699 -0.006585014 0.024517866 0.0186938965 -0.026647500600000002 
99.0 -0.012333539785 0.007774548399999999 0.006426545999999999 -0.0126551121 0.003651797 0.0038037999999999995 0.014870884000000001 -0.004986998499999999 -0.009661612000000002 -0.005546312365 0.01091728745 -0.0094092665 0.0019353902 -0.027193538 -0.007220092000000001 
55.0 -0.007820088499999999 -0.0168844708 0.0003049925000000002 0.024253087 -0.0242745405 0.021279283 0.0259175135 -0.00835238968 -0.009651170085 0.0096020149 -0.007819938499999998 -0.015096505999999999 -0.0049452705 0.012172266 -0.0077082022 
88.0 0.01389699375 -0.025779316000000004 0.0203832292 -0.0201708693 0.014531467499999999 -0.012097791206 0.0070054537500000005 -0.006721117500000002 0.0187524075 -0.003855331 0.01418196395 0.008851872 -0.0018275510000000002 0.0016134886500000002 -0.014254111000000002 
79.0 0.018627756999999998 -0.0003740785000000014 0.018362418499999998 0.0016097175 0.00304236775 0.004001382499999999 -0.012910104149999999 0.007514265500000001 0.0012115284999999996 -0.027539025 -0.0034222819 -0.004647967999999999 0.01360987875 0.014552641500000001 0.006291869 
86.0 -0.012207477000000001 0.0083614345 -0.004871187499999999 0.002991512 0.0265709565 0.018939539999999998 -0.016073772 -0.00017495600000000042 0.010347730999999999 0.009092344 -0.0141211885 -0.01645647 0.009802876000000002 -0.007330044999999999 -0.007038083499999999 
61.0 -0.016337288800000002 -0.00018815299999999993 -0.0003906844999999994 0.00848202775 -0.0011672733500000003 -0.0210092385 -0.0149661225 0.016269788 0.0006503545000000003 0.02180394075 0.0227333995 -0.0048556147 0.0050831855 -0.01622362235 -0.017126247197 
54.0 0.017664459 0.01450197 0.018352219 0.022737260000000002 -0.014167297700000001 0.010793976415 -0.007203642499999999 -0.01176037315 -0.0030371024999999996 0.0115922902 0.0017184244999999998 -0.0211610762 0.0049559635 -0.0043815633 -0.01056736665 
59.0 0.00231059075 0.00042865300000000106 0.0182955353 -0.0122797945 0.0174925035 -0.00467439885 0.012459702500000001 0.0219332395 0.020774283499999997 -0.0031323335 -0.007712259000000001 -0.0185822268 -0.009771455200000001 0.0191602235 -0.0195150595 
